12.55345344543457
2.0818710327148438
2.721071243286133
2.8896331787109375
2.0673274993896484
2.8655529022216797
2.8085708618164062
1.7549991607666016
1.3995170593261719
11.705636978149414
6.3610076904296875
11.182785034179688
9.636163711547852
2.1979808807373047
9.879827499389648
1.985311508178711
11.56473159790039
2.0570755004882812
17.026901245117188
2.029895782470703
2.735614776611328
12.043476104736328
2.074003219604492
2.8252601623535156
2.2225379943847656
2.824068069458008
2.664804458618164
2.033233642578125
1.8248558044433594
1.8439292907714844
2.847909927368164
4.045963287353516
2.218008041381836
1.516580581665039
3.8330554962158203
2.1944046020507812
2.9594898223876953
3.5827159881591797
1.8925666809082031
1.3818740844726562
2.745389938354492
4.159450531005859
2.704620361328125
2.282381057739258
2.197742462158203
1.7764568328857422
3.007173538208008
1.8932819366455078
2.451658248901367
3.9708614349365234
2.3679733276367188
2.2034645080566406
2.105712890625
1.9726753234863281
2.0542144775390625
1.543283462524414
1.7962455749511719
1.8901824951171875
2.447366714477539
2.336740493774414
1.7282962799072266
1.9195079803466797
1.940011978149414
2.427339553833008
2.168416976928711
1.8358230590820312
2.290010452270508
1.4438629150390625
2.348184585571289
2.1409988403320312
1.9137859344482422
3.2625198364257812
2.068042755126953
2.524137496948242
2.0530223846435547
1.9214153289794922
1.5308856964111328
14.268159866333008
2.0520687103271484
10.423898696899414
2.231597900390625
1.6498565673828125
3.6911964416503906
2.135753631591797
12.228012084960938
2.9249191284179688
13.482809066772461
14.317035675048828
1.970052719116211
2.9191970825195312
14.404296875
13.579845428466797
12.280941009521484
2.500772476196289
2.18963623046875
2.3393630981445312
